9001	0	1001	0	0	2017-8-22
9002	0	1002	0	0	2017-8-22
9003	0	1003	0	0	2017-8-22
9004	0	1004	0	0	2017-8-22
9005	0	1005	0	0	2017-8-22
9006	0	1006	0	0	2017-8-22
9007	0	1007	0	0	2017-8-22
9008	0	1008	0	0	2017-8-22
9009	0	1009	0	0	2017-8-22
9010	0	1010	0	0	2017-8-22
9011	0	1011	0	0	2017-8-22
9012	0	1012	0	0	2017-8-22
9013	0	1013	0	0	2017-8-22
9014	0	1014	0	0	2017-8-22
9015	0	1015	0	0	2017-8-22
9016	0	1016	0	0	2017-8-22
9017	0	1017	0	0	2017-8-22
9018	0	1018	0	0	2017-8-22
9019	0	1019	0	0	2017-8-22
9020	0	1020	0	0	2017-8-22
9021	0	1021	0	0	2017-8-22
9022	0	1022	0	0	2017-8-22
9023	0	1023	0	0	2017-8-22
9024	0	1024	0	0	2017-8-22
9025	0	1025	0	0	2017-8-22
9026	0	1026	0	0	2017-8-22
9027	0	1027	0	0	2017-8-22
9028	0	1028	0	0	2017-8-22
9029	0	1029	0	0	2017-8-22
9030	0	1030	0	0	2017-8-22
9031	0	1031	0	0	2017-8-22
9032	0	1032	0	0	2017-8-22
9033	0	1033	0	0	2017-8-22
9034	0	1034	0	0	2017-8-22
9035	0	1035	0	0	2017-8-22
9036	0	1036	0	0	2017-8-22
9037	0	1037	0	0	2017-8-22
9038	0	1038	0	0	2017-8-22
9039	0	1039	0	0	2017-8-22
9040	0	1040	0	0	2017-8-22
9041	0	1041	0	0	2017-8-22
9042	0	1042	0	0	2017-8-22
9043	0	1043	0	0	2017-8-22
9044	0	1044	0	0	2017-8-22
9045	0	1045	0	0	2017-8-22
9046	0	1046	0	0	2017-8-22
9047	0	1047	0	0	2017-8-22
9048	0	1048	0	0	2017-8-22
9049	0	1049	0	0	2017-8-22